% # columns="iteration, evaluation, sigma, axis ratio, bestever, best, median, worst objective function value, further objective values of best", seed=336110, Thu Apr  4 00:52:43 2024, <python>{}</python>
1 15 9.410325571132644 1.0000488107150136 -1043726.2401537292 -1.0437262401537292e+06 -1013215.0071724044 -998016.0105314578   
2 30 9.0159983407952 1.0508550840628774 -1077936.7430121028 -1.0779367430121028e+06 -1033855.1993306706 -999996.9971118122   
3 45 8.800156135523592 1.0589669031373479 -1077936.7430121028 -1.0731972939923222e+06 -1052763.1271944866 -1036100.6041595357   
4 60 8.70126926860766 1.0732217965747475 -1095719.0884340168 -1.0957190884340168e+06 -1063473.4022678742 -1031780.7297294775   
5 75 8.673172486538677 1.0864724258854612 -1116912.941916645 -1.1169129419166450e+06 -1084445.9645801794 -1040008.0056597583   
6 90 8.714686474210987 1.1015545495277828 -1144028.303607338 -1.1440283036073381e+06 -1102852.790221192 -1083031.5577349071   
7 105 8.82536872218166 1.1157176059536664 -1154507.6951100377 -1.1545076951100377e+06 -1135359.9129260783 -1098371.37016877   
8 120 9.048454341488252 1.1282016219609614 -1196845.989815588 -1.1968459898155881e+06 -1141479.3279851396 -1129099.0096739286   
9 135 9.277978762093642 1.1507739270919835 -1209048.176920141 -1.2090481769201411e+06 -1170331.074545983 -1133463.972123806   
10 150 9.64288355703355 1.177012366773787 -1236077.7530421196 -1.2360777530421196e+06 -1191265.3190917433 -1174113.9026899578   
11 165 10.1557432274835 1.2133140031137701 -1268027.635714938 -1.2680276357149379e+06 -1213758.9404966843 -1190209.7882869798   
12 180 10.874005884919129 1.2451515396648716 -1297688.861011125 -1.2976888610111249e+06 -1251176.0946598868 -1202134.1792284488   
13 195 11.708335907409511 1.2709871333277627 -1357777.6716521299 -1.3577776716521299e+06 -1301019.2289156849 -1239172.3951592594   
14 210 12.684877576307832 1.2895293524576452 -1416994.9837670764 -1.4169949837670764e+06 -1363536.68024578 -1261039.954538393   
15 225 13.723327415717005 1.3095116728758984 -1451309.0675015613 -1.4513090675015613e+06 -1393486.9087519092 -1344735.1389254772   
16 240 14.975881851601919 1.3310858118911468 -1507837.4069668497 -1.5078374069668497e+06 -1412135.3913126106 -1391463.822246895   
17 255 16.397939555619754 1.346566716754336 -1521356.2845577863 -1.5213562845577863e+06 -1474790.667652767 -1417725.9704993446   
18 270 17.84762464336041 1.354416332675775 -1548533.9542713054 -1.5485339542713054e+06 -1510444.7675891963 -1467111.9025133103   
19 285 19.341835121431547 1.3649675807154835 -1620091.3846817443 -1.6200913846817443e+06 -1526538.1534253294 -1501268.145092444   
20 300 20.979316757555434 1.3770642899443388 -1651373.3139144555 -1.6513733139144555e+06 -1593068.037423022 -1534267.3570900043   
21 315 22.883510068825892 1.3838772392703387 -1732533.9618214923 -1.7325339618214923e+06 -1644856.2901000495 -1550793.1719884914   
22 330 25.25669289629466 1.390131373623881 -1784621.4694143827 -1.7846214694143827e+06 -1706435.1027067173 -1599714.5370337549   
23 345 27.493974802564846 1.393859188878788 -1789728.6957178542 -1.7897286957178542e+06 -1776918.9264728266 -1674347.9443599011   
24 360 29.783419301647413 1.3945635833157353 -1800275.76745353 -1.8002757674535301e+06 -1779195.5202862683 -1662372.9049098229   
25 375 31.87912120095126 1.397721495487735 -1800275.76745353 -1.7904997414284600e+06 -1785674.201008834 -1727233.941324523   
26 390 34.31562569154677 1.3965170809752463 -1800275.76745353 -1.7971958480805934e+06 -1787865.4544797665 -1729475.9731555786   
27 405 36.928566420047076 1.3978546618794563 -1809236.7100593052 -1.8092367100593052e+06 -1796160.4715500486 -1777308.389394966   
28 420 39.19141911470461 1.4032209709096972 -1825301.9846339768 -1.8253019846339768e+06 -1797660.9602862748 -1784438.1598652252   
29 435 41.784668778206516 1.4060493445297504 -1852829.5646791223 -1.8528295646791223e+06 -1803769.3283393849 -1790553.1982389456   
30 450 44.01656745343323 1.4124523322471894 -1852829.5646791223 -1.8516514040225595e+06 -1826442.3406814768 -1801409.371957629   
31 465 45.947259479140676 1.4109407078266913 -1852829.5646791223 -1.8517161533447301e+06 -1828081.6090795798 -1776523.5124296935   
32 480 47.72069225705762 1.4128661537873013 -1852829.5646791223 -1.8506052709764610e+06 -1810900.8580809184 -1778229.87229591   
33 495 49.41798311999084 1.4065159852117886 -1853921.001190654 -1.8539210011906540e+06 -1808048.87219194 -1787628.4123556828   
34 510 51.05020005433589 1.4091956854020589 -1862898.8263763231 -1.8628988263763231e+06 -1831378.0299788872 -1812124.4897185403   
35 525 52.13925527524677 1.410470957685817 -1867643.984514317 -1.8676439845143170e+06 -1840993.0692775322 -1799664.851770286   
36 540 53.74657511030625 1.4072290949183963 -1867643.984514317 -1.8610058548927475e+06 -1833317.4466384754 -1768248.8404919077   
37 555 55.73480674735832 1.4033658139003728 -1875216.7732441498 -1.8752167732441498e+06 -1861005.1525236182 -1823919.9326335462   
38 570 56.62056132275634 1.4085531519010461 -1875216.7732441498 -1.8731336588818328e+06 -1848406.7222767777 -1823910.234618589   
39 585 56.902045422706195 1.4078345768528313 -1877225.3375528532 -1.8772253375528532e+06 -1848416.8014048839 -1820519.0671021654   
40 600 57.2067351302735 1.407113510436189 -1877225.3375528532 -1.8764091602808642e+06 -1854390.5624967131 -1823712.1667097944   
41 615 58.16057936077293 1.4082059082531055 -1887135.0923754321 -1.8871350923754321e+06 -1843163.6020445186 -1819201.9834715768   
42 630 59.295880771096975 1.406406168288063 -1890667.7257073075 -1.8906677257073075e+06 -1853077.9680340784 -1819893.4157144942   
43 645 60.18534025754909 1.3996607438353885 -1890667.7257073075 -1.8851613024665541e+06 -1866590.0225995006 -1803130.90788365   
44 660 60.71136857002119 1.3976255824223078 -1890984.2028438782 -1.8909842028438782e+06 -1845564.0276640137 -1822523.6188113755   
45 675 61.66604836245266 1.3986433455097675 -1902228.521378794 -1.9022285213787940e+06 -1851907.949431699 -1820378.0929919686   
46 690 62.55192314919026 1.3963421239559395 -1902228.521378794 -1.8935976980817097e+06 -1849843.9777567515 -1817821.9877742047   
47 705 63.24152229957229 1.3944802420242954 -1902228.521378794 -1.8969452041807636e+06 -1865392.8673156772 -1810861.281283494   
48 720 64.02121738681478 1.3965774292413444 -1902228.521378794 -1.8984593880760148e+06 -1840385.5957133947 -1806191.4286615981   
49 735 64.58573186191147 1.3965789356946152 -1905667.0230553194 -1.9056670230553194e+06 -1869682.0990982607 -1835936.430545222   
50 750 66.52720622981587 1.400885334697356 -1916326.6896867962 -1.9163266896867962e+06 -1884571.0708944686 -1840835.5598326318   
51 765 68.29465565803719 1.4052922555248182 -1923007.5967394111 -1.9230075967394111e+06 -1881565.3257699122 -1824290.679127082   
52 780 70.05001762599436 1.42015937085218 -1923007.5967394111 -1.9215572048019401e+06 -1907258.6563526967 -1863709.629127212   
53 795 70.66356055019553 1.4358450724126917 -1923007.5967394111 -1.9212372554229856e+06 -1889010.2777762094 -1837935.3743693482   
54 810 71.12700372540841 1.4518767454411687 -1926831.8529871095 -1.9268318529871095e+06 -1880089.6799369096 -1851773.294398116   
55 825 72.04803022311553 1.4708827981422101 -1934253.1860987905 -1.9342531860987905e+06 -1911090.8662831015 -1866777.817282353   
56 840 72.81891524904896 1.4917546184510249 -1948624.305532347 -1.9486243055323469e+06 -1930494.5758737829 -1840828.7209649468   
57 855 74.48661564088339 1.5106279633896575 -1959619.802111862 -1.9596198021118620e+06 -1922636.8333494354 -1845601.6604873242   
58 870 75.65285910319719 1.5358280974746872 -1962263.9410117324 -1.9622639410117324e+06 -1928945.858067954 -1857440.1392526   
59 885 77.2202377424912 1.560755657506818 -1976600.7438972467 -1.9766007438972467e+06 -1923975.2434119321 -1908049.8939754495   
60 900 79.16122898075484 1.577667810141577 -1985623.480263116 -1.9856234802631161e+06 -1949067.4783735683 -1854078.89046136   
61 915 82.29724379705125 1.5969981034088203 -2008044.0376467302 -2.0080440376467302e+06 -1948315.5026839692 -1922588.740102866   
62 930 86.01213687172803 1.618265544946213 -2008044.0376467302 -1.9992261662228387e+06 -1970628.6142061222 -1877600.3734942856   
63 945 90.30631221527989 1.6498638316502112 -2034800.9998753802 -2.0348009998753802e+06 -1985702.4862469502 -1946643.3718039542   
64 960 93.66888196059975 1.6745059712908257 -2034800.9998753802 -2.0147681088564722e+06 -1984286.948847097 -1946356.3508397192   
65 975 96.66835454871337 1.698295858859327 -2042953.4686535366 -2.0429534686535366e+06 -2008095.8646395104 -1948054.2374963693   
66 990 99.49667666650136 1.7185889660745284 -2042953.4686535366 -2.0280189893258307e+06 -1999995.2893239153 -1909877.1383729754   
67 1005 103.4830020218995 1.742456305119251 -2072484.0104365346 -2.0724840104365346e+06 -2006935.3922220068 -1936871.0579877067   
68 1020 107.35277131988833 1.7893993620557846 -2103547.8496671175 -2.1035478496671175e+06 -2057963.2289833198 -1892234.1320666638   
69 1035 112.24316443057154 1.8282436015586447 -2144888.2089694627 -2.1448882089694627e+06 -2068906.2174558602 -1883439.7437883113   
70 1050 117.6643497686067 1.8571448001301871 -2144888.2089694627 -2.1417277590791844e+06 -2114279.8730274625 -1985783.5159284945   
71 1065 123.43071240800307 1.8958433757794149 -2189487.5520509738 -2.1894875520509738e+06 -2108033.281848804 -2023610.6021765023   
72 1080 131.6044917282533 1.9345245978642995 -2257555.7981395554 -2.2575557981395554e+06 -2171845.751314171 -2080523.1405483426   
73 1095 139.98887261691812 1.976997144724831 -2271450.6440242934 -2.2714506440242934e+06 -2211228.004354653 -2021776.1330738699   
74 1110 150.07619710954336 2.0136388414767796 -2337408.1934517645 -2.3374081934517645e+06 -2261184.7047029706 -2193226.2339893254   
75 1125 159.69347508174445 2.04153167934284 -2386928.9922155393 -2.3869289922155393e+06 -2236130.5167396837 -2110802.078629545   
76 1140 168.27251451940035 2.0588354678213405 -2413260.9623992094 -2.4132609623992094e+06 -2231378.9205520605 -2121242.519573288   
77 1155 179.19671601777935 2.070105651298285 -2476206.2379140924 -2.4762062379140924e+06 -2342050.3836974297 -1902157.6773579097   
78 1170 189.26956274143927 2.0918733788476804 -2480652.7604689724 -2.4806527604689724e+06 -2376084.817354147 -1656421.080718711   
79 1185 199.68371264863825 2.1040298153177805 -2508196.3174779275 -2.5081963174779275e+06 -2401986.8533561677 -2151393.836284847   
80 1200 208.199954315905 2.1129514490545658 -2564244.199288969 -2.5642441992889689e+06 -2466733.0383870048 -1733572.1454260503   
81 1215 219.68827329973223 2.1213927026192105 -2583999.7222689334 -2.5839997222689334e+06 -2479540.013251806 -2298370.7503403435   
82 1230 232.0756516689261 2.1298653050321756 -2600111.969929789 -2.6001119699297892e+06 -2480173.5003113905 -2105527.769989146   
83 1245 246.8553668379332 2.137429563768162 -2651431.0279624755 -2.6514310279624755e+06 -2557988.2889865567 -1696983.745345058   
84 1260 260.9703345664358 2.157591647003802 -2690358.405788526 -2.6903584057885259e+06 -2568855.0670412565 -2183915.074909677   
85 1275 276.6213017284609 2.169344368959994 -2690358.405788526 -2.6814244030144745e+06 -2591594.75873854 -1871205.1022902753   
86 1290 294.2708892755714 2.1754349519520058 -2729914.6102043623 -2.7299146102043623e+06 -2564998.3057035496 -2045007.424332714   
87 1305 310.89180665921293 2.180179853589241 -2743968.7755941595 -2.7439687755941595e+06 -2642374.8108135695 -2018531.2297321635   
88 1320 329.9482974898453 2.182129404823146 -2856444.1954102246 -2.8564441954102246e+06 -2687344.6689601885 -1795511.48234716   
89 1335 350.14025529108085 2.1864347613913875 -2914454.759586626 -2.9144547595866262e+06 -2778309.22552766 -1902504.804065282   
90 1350 369.0472343996755 2.194453366375396 -2934555.849850244 -2.9345558498502439e+06 -2711681.1134951795 -1758785.683499263   
91 1365 386.5185357149456 2.203646246887319 -2980108.136214017 -2.9801081362140169e+06 -2790216.2741104453 -1712108.6169636082   
92 1380 401.17038417181476 2.202417182982633 -2980108.136214017 -2.9796518084839666e+06 -2547859.8483377593 -1616200.1773863635   
93 1395 409.62884179025406 2.198760976087238 -2986961.0268775607 -2.9869610268775607e+06 -2689335.809694544 -1798633.9340870462   
94 1410 421.38094075817054 2.2081396548174137 -3005059.143437813 -3.0050591434378130e+06 -2851676.5328545477 -1475911.7338072774   
95 1425 431.069062503174 2.2186541274951996 -3005059.143437813 -2.9811192620078339e+06 -2552642.8268782413 -1676316.635827953   
96 1440 435.2704120125579 2.2254644740838714 -3017983.474117681 -3.0179834741176809e+06 -2625757.5361906327 -1951186.9204609746   
97 1455 433.4996494012642 2.2319573173098886 -3017983.474117681 -3.0042975893033496e+06 -2680533.317399244 -1837108.421606447   
98 1470 440.43505271134177 2.236753884194229 -3017983.474117681 -3.0003014132233784e+06 -2440462.869564518 -1940124.3657590512   
99 1485 448.17382570046186 2.2353721166736205 -3017983.474117681 -2.9553106986036394e+06 -2533073.208243517 -1791461.742190585   
100 1500 458.3128212009434 2.243764388849647 -3017983.474117681 -3.0150024753032904e+06 -2616812.223098014 -1706281.0191741735   
101 1515 458.80180178498443 2.252238026435889 -3017983.474117681 -2.9765909836897627e+06 -2643393.232582729 -1670864.8330102316   
102 1530 460.9546304610487 2.259569272389086 -3039306.2589541245 -3.0393062589541245e+06 -2615676.351328201 -1493037.2573083697   
103 1545 461.2299366781663 2.27695437041101 -3039306.2589541245 -3.0225044020364019e+06 -2640524.5026285066 -1750166.3993007676   
104 1560 462.69326611813426 2.2792812727553593 -3039306.2589541245 -2.9882067688820520e+06 -2618765.640106086 -1899537.3412679187   
105 1575 468.4997146386094 2.287112365744061 -3039306.2589541245 -3.0166771699300623e+06 -2581497.139225546 -1794359.9790788256   
106 1590 470.4126715737173 2.298528329067596 -3039306.2589541245 -2.9205424733054503e+06 -2597303.817211275 -1895389.3557991441   
107 1605 463.20159089212933 2.2996557884677795 -3039306.2589541245 -3.0330080891417935e+06 -2629128.3932552203 -2063057.342120891   
108 1620 457.753440311598 2.3017239900886506 -3039306.2589541245 -3.0093867979533826e+06 -2642134.8502552356 -1558308.0013366428   
109 1635 456.62780431384084 2.3099187918479704 -3039306.2589541245 -2.9906307147294716e+06 -2580326.7301220684 -1692001.1842546244   
110 1650 451.51343988122665 2.3246251155144413 -3039306.2589541245 -3.0219461166799078e+06 -2627866.6439596256 -1868799.8986326482   
111 1665 449.2855550738337 2.3264159179631263 -3039306.2589541245 -3.0282796734819664e+06 -2595859.832224654 -1642590.1090786585   
112 1680 447.31751737933627 2.3306295913021113 -3039306.2589541245 -2.9734200288758753e+06 -2598035.220193014 -1982293.4363585757   
113 1695 444.0472300199349 2.32537313999728 -3039306.2589541245 -2.9957880310986298e+06 -2596477.5146165043 -2087998.9071277683   
114 1710 446.36376931492936 2.334810927808193 -3039306.2589541245 -2.9684371089209015e+06 -2623249.178060929 -1578398.5696528717   
115 1725 451.04491673801266 2.3352231524800096 -3039306.2589541245 -3.0040566661988688e+06 -2576485.650520696 -2185042.6529473   
116 1740 454.8799130910668 2.3349758772955704 -3039306.2589541245 -3.0156783869321859e+06 -2608404.9843446384 -1829224.02155852   
117 1755 460.23664862780714 2.3373094820217344 -3039306.2589541245 -2.9377910959510757e+06 -2638055.323638972 -1825152.2562810783   
118 1770 464.2081765124867 2.3467353343735593 -3039306.2589541245 -2.9515518161772620e+06 -2663427.2436525314 -1764940.7209274904   
119 1785 468.10749945998754 2.3631456335710723 -3043804.2221630043 -3.0438042221630043e+06 -2801448.901490258 -2296434.374279145   
120 1800 469.5492961068957 2.3637688124443805 -3043804.2221630043 -3.0424910652981023e+06 -2687026.3087120308 -1845174.8138250117   
121 1815 467.74503626096424 2.3671330558245436 -3043804.2221630043 -3.0233501569009991e+06 -2565695.471797045 -1755060.885273587   
122 1830 462.38906779871303 2.3726621490151847 -3043804.2221630043 -3.0178919479375402e+06 -2640844.347341078 -1648977.341276803   
123 1845 460.4306629825299 2.3809161287289617 -3043804.2221630043 -2.9931106192371827e+06 -2577071.071752801 -1764930.0919565915   
124 1860 467.35136520348254 2.3882835907030766 -3043804.2221630043 -2.8237954765988709e+06 -2591416.2644265923 -1488653.0099058   
125 1875 478.25685429487356 2.4098892290392646 -3043804.2221630043 -2.8906938313480727e+06 -2646909.3111787434 -1647605.8459790237   
126 1890 488.47769657519575 2.4286548393905028 -3043804.2221630043 -2.8532881860278775e+06 -2720318.2516972735 -1717056.3458541255   
127 1905 492.26069074793025 2.4364981553988234 -3043804.2221630043 -2.8518152335562329e+06 -2531995.0936748567 -1437400.5983370563   
128 1920 492.2954163447036 2.448239163120933 -3043804.2221630043 -2.9064212807567650e+06 -2579621.2723944252 -1591193.1711141493   
129 1935 486.65379854611984 2.452400713328954 -3043804.2221630043 -3.0189671328565697e+06 -2716885.991114689 -1813851.8634520597   
130 1950 488.4594795324217 2.4612944420097707 -3043804.2221630043 -2.9418657816053689e+06 -2655923.9003811646 -1918756.8170079007   
131 1965 495.4053346241424 2.4708175679896125 -3043804.2221630043 -2.9600147763097854e+06 -2510950.005734354 -1684813.187810491   
132 1980 496.6558737211695 2.4749405969258444 -3043804.2221630043 -2.9575861626168652e+06 -2447671.241441708 -1483183.9851128454   
133 1995 498.18977468795094 2.469675492398452 -3043804.2221630043 -2.9556605803291993e+06 -2583977.819331414 -1863864.8841176713   
134 2010 497.3561203908158 2.4837013036099442 -3043804.2221630043 -2.9430614431783329e+06 -2617325.9184416886 -1459628.948666771   
135 2025 499.0110353446979 2.4999293522602093 -3043804.2221630043 -3.0255929212511205e+06 -2921775.2755275266 -2194169.159970315   
136 2040 500.2819914024339 2.504149805822799 -3043804.2221630043 -2.9917555494791772e+06 -2802272.124463734 -1967838.7253614597   
137 2055 504.521692441237 2.5026404851721047 -3043804.2221630043 -3.0077686629806859e+06 -2565439.299570598 -1924562.1377162603   
138 2070 519.1349482089466 2.5016969497618597 -3043804.2221630043 -2.9610524839700954e+06 -2637923.9330222933 -1847511.9099048642   
139 2085 523.482236762928 2.5089175354015456 -3043804.2221630043 -2.9744195346580511e+06 -2342696.947635633 -1594357.9487807476   
140 2100 523.3621923786451 2.5217810059528665 -3043804.2221630043 -2.8878795755726774e+06 -2363966.10285167 -1618152.8018081177   
141 2115 519.4616214523251 2.521502340481117 -3043804.2221630043 -3.0115125625718674e+06 -2561367.1827228484 -1710324.4633100068   
142 2130 513.5375172847588 2.5402012182417453 -3043804.2221630043 -2.9309977870334969e+06 -2632052.2403338994 -1831409.9502991547   
143 2145 503.33262503305065 2.5397757596611266 -3043804.2221630043 -3.0103652526243576e+06 -2577272.290609339 -2103105.780503639   
144 2160 497.501999970561 2.5445910631044124 -3043804.2221630043 -3.0055936693391013e+06 -2596747.2562312153 -2064009.7003926598   
145 2175 496.7876765179341 2.550964551587648 -3043804.2221630043 -3.0077553743747836e+06 -2580144.9282263084 -1815028.1634523878   
146 2190 494.68059493236177 2.562557848685615 -3043804.2221630043 -2.9193650136365560e+06 -2583470.9901481476 -1948469.7951412331   
147 2205 484.80556270065574 2.5713991763497623 -3043804.2221630043 -2.9907892003624495e+06 -2555663.428325594 -1619609.5872125921   
148 2220 472.96441572546655 2.5907285301710297 -3043804.2221630043 -2.9697908150420766e+06 -2605289.7458825987 -1832056.5167941109   
149 2235 464.4635686118185 2.597432565125738 -3043804.2221630043 -2.9718073012907887e+06 -2574863.884321604 -1907433.935707022   
150 2250 458.71174068744153 2.6031179292168933 -3043804.2221630043 -2.8178155504608508e+06 -2566134.8488911446 -1875682.0034047542   
151 2265 456.8587827928499 2.6109198938722735 -3043804.2221630043 -2.9429141912248591e+06 -2590194.932111702 -1574883.32955469   
152 2280 447.64584093968784 2.6153985371813984 -3043804.2221630043 -2.9994623074772800e+06 -2831400.2981328745 -2469621.3987965286   
153 2295 440.67592808845154 2.6308686367214698 -3043804.2221630043 -2.9898333918730444e+06 -2637319.034338586 -2192499.6266038376   
154 2310 434.8355223499138 2.640712919476674 -3043804.2221630043 -2.9997060125764469e+06 -2604323.4701397703 -2115366.0840230966   
155 2325 434.9160541977959 2.646639437699166 -3043804.2221630043 -3.0043194615663704e+06 -2621707.6598940785 -1901523.301806876   
156 2340 436.2256458498969 2.6522315237591982 -3043804.2221630043 -2.9932410807376755e+06 -2784889.2260363894 -1859401.0148687446   
157 2355 429.92003057083747 2.6602466863506304 -3043804.2221630043 -3.0081367735901582e+06 -2607480.1671072673 -1651755.980443962   
158 2370 426.13164193869284 2.660936510765768 -3043804.2221630043 -3.0260403190017031e+06 -2595158.224699662 -2068408.1406820877   
159 2385 425.0182971021265 2.6733303557257497 -3043804.2221630043 -2.9938411965847132e+06 -2604334.714777331 -1987651.9985140879   
160 2400 422.6358716680294 2.682016549272347 -3043804.2221630043 -3.0091647540213149e+06 -2551952.79376097 -2090600.1275883543   
161 2415 421.10220932963716 2.6904164189845288 -3043804.2221630043 -3.0259406162712788e+06 -2821320.1932953694 -2198445.8669969635   
162 2430 415.13290671464375 2.6967303770070883 -3043804.2221630043 -2.8941510254463092e+06 -2582709.2100568633 -2004523.9495473544   
163 2445 412.47230228855955 2.7101777880282474 -3043804.2221630043 -2.9691194995423015e+06 -2633872.9918028614 -2183789.7913767053   
164 2460 409.57189830520144 2.7177625115727193 -3043804.2221630043 -3.0212524777724762e+06 -2751361.191791692 -1668001.079071599   
165 2475 402.8836724246652 2.722419532625527 -3043804.2221630043 -3.0153278094300991e+06 -2836110.8334730943 -1835455.2997781425   
166 2490 398.2339190955816 2.7284431096794903 -3043804.2221630043 -2.9928923613357237e+06 -2619899.777104641 -1967797.1162161701   
167 2505 389.44028742237475 2.7346862682058606 -3043804.2221630043 -3.0011220351414429e+06 -2466163.933803707 -1992569.6968042953   
168 2520 383.4771404667251 2.7445585189930366 -3043804.2221630043 -3.0215950830238988e+06 -2734949.1782458946 -2561485.6430681525   
169 2535 380.1603519894559 2.7577380768675037 -3043804.2221630043 -3.0052671671561664e+06 -2630754.888154812 -2035023.9764532438   
170 2550 373.33959352326997 2.7723037979256433 -3043804.2221630043 -2.9988550774537069e+06 -2419792.3353579594 -1785173.6990934766   
171 2565 370.3269405584737 2.7820635004540915 -3043804.2221630043 -3.0078580702983467e+06 -2695939.115556336 -1996673.5881439992   
172 2580 373.048282813739 2.784157270661122 -3043804.2221630043 -3.0273740354166199e+06 -2688202.1952724815 -1930278.1982299015   
173 2595 376.28033227839813 2.792946357677988 -3043804.2221630043 -3.0002037424633587e+06 -2646700.56854947 -2112385.5165732005   
174 2610 378.7713909262449 2.7938943852967997 -3043804.2221630043 -3.0155512837955868e+06 -2613547.4219369288 -2257672.9485785705   
175 2625 379.92723967362423 2.800863256932933 -3043804.2221630043 -2.9805032912227497e+06 -2671045.5336165153 -2097794.2494435525   
176 2640 382.62395955873114 2.8157933535046955 -3043804.2221630043 -3.0035001783779562e+06 -2667702.9177397504 -2159253.580014975   
177 2655 385.82679680110266 2.826923893069139 -3043804.2221630043 -2.9944378376147673e+06 -2822641.5744860736 -1857930.5310481605   
178 2670 385.8722006273024 2.837572920358697 -3043804.2221630043 -3.0006980072140228e+06 -2698653.890381801 -1839581.7411151892   
179 2685 383.9246676620001 2.8491915921882187 -3043804.2221630043 -3.0180467945828885e+06 -2779017.6633524634 -1867057.3312706347   
180 2700 381.45814355447243 2.8689017668814847 -3043804.2221630043 -2.9505231565321037e+06 -2248370.64039247 -1960746.2862790949   
181 2715 383.155908917506 2.8858636272315157 -3043804.2221630043 -3.0234917130412981e+06 -2602017.5138001116 -2009953.847058504   
182 2730 386.7431974180804 2.8904339635991274 -3043804.2221630043 -3.0066964010684188e+06 -2798345.173958077 -2126571.220535981   
183 2745 388.5766010316762 2.9066650598107326 -3043804.2221630043 -3.0107086286651511e+06 -2792180.597311921 -1764865.8448315929   
184 2760 385.45108371826086 2.922070582764864 -3043804.2221630043 -2.9934773783952831e+06 -2814852.9264652273 -2023078.7655288419   
185 2775 381.59802710699694 2.9353687267557325 -3043804.2221630043 -3.0089670918519031e+06 -2652343.870695063 -1999953.6908126161   
186 2790 376.6402808729323 2.9518632019125635 -3043804.2221630043 -2.9958098218817669e+06 -2603971.095100981 -2018591.3908106103   
187 2805 374.8110172751466 2.9684936670803426 -3043804.2221630043 -3.0322747320120987e+06 -2640422.9755123085 -2131718.637979546   
188 2820 370.3440713364202 2.978450791614363 -3043804.2221630043 -3.0213455815526717e+06 -2605668.8737913547 -2176486.281451097   
189 2835 363.7941980252799 2.9857390451397396 -3043804.2221630043 -3.0230516408231533e+06 -2626259.703395547 -2292306.1190696196   
190 2850 360.4833744086153 2.985662936786479 -3043804.2221630043 -3.0366846081182361e+06 -2632643.537749061 -2259145.9439201704   
191 2865 362.78603258961755 2.9912742272878527 -3043804.2221630043 -3.0169193686543670e+06 -2886963.525596745 -2183818.661733203   
192 2880 362.9878799503442 2.9880939934137754 -3043804.2221630043 -3.0362262678908180e+06 -2750207.9845560184 -2278565.2484449917   
193 2895 359.6190835620904 2.993613251659273 -3043804.2221630043 -3.0344465176040181e+06 -2649842.3823438156 -2324701.033171379   
194 2910 355.6358636276788 2.995085129433415 -3043804.2221630043 -3.0194965823817919e+06 -2844723.613752065 -2096329.0778057901   
195 2925 351.37858772058485 2.9953192658130114 -3043804.2221630043 -2.9927595774773508e+06 -2852817.3952685925 -2203130.262738339   
196 2940 348.3021832144553 3.000965901436041 -3043804.2221630043 -3.0324945689872722e+06 -2792611.493482427 -2273518.375127473   
197 2955 343.4892558794341 3.008792169510662 -3043804.2221630043 -3.0340706169087053e+06 -2688665.0511136004 -2147565.2744330843   
198 2970 344.311681871679 3.0221864290146514 -3043804.2221630043 -3.0148274581853850e+06 -2800509.8345790664 -2178343.9337992263   
199 2985 345.70288646938485 3.0251832639957272 -3043804.2221630043 -3.0314826407370325e+06 -2709068.3808675907 -1977031.628576389   
200 3000 348.93710313295475 3.0469673728099225 -3043804.2221630043 -2.9867730631320989e+06 -2645313.450517221 -2204771.7941400325   
201 3015 355.1415295156369 3.0540813115367937 -3047376.507502367 -3.0473765075023668e+06 -2674471.4464663956 -2199729.756241017   
202 3030 360.54016349460267 3.0704345861600215 -3047376.507502367 -3.0116898821707335e+06 -2851917.068255201 -2043769.6965574562   
203 3045 359.0901841910362 3.0867616695419966 -3047376.507502367 -3.0013776579150492e+06 -2676801.1150292763 -2047825.3429024657   
204 3060 360.31200744550756 3.1003053656309976 -3047376.507502367 -3.0104844008612731e+06 -2842673.023467676 -2235422.904469451   
205 3075 362.64734034964476 3.1068227531063286 -3047376.507502367 -3.0104194696745034e+06 -2764326.0443381798 -1717157.0214035655   
206 3090 366.9668416658859 3.137536097617184 -3047376.507502367 -3.0338196852782811e+06 -2644318.855432927 -2345663.6425170093   
207 3105 366.50503040280626 3.1445700340693947 -3047376.507502367 -3.0254060466461750e+06 -2661395.57143733 -2066729.5439266688   
208 3120 365.3937943594425 3.1490130754709704 -3047376.507502367 -3.0395015545336041e+06 -2743086.5973297767 -1840927.8080564807   
209 3135 366.53711670539377 3.1704089705824896 -3047376.507502367 -3.0348686773366989e+06 -2708625.10680205 -2142718.5233654296   
210 3150 369.4755918654562 3.173010048052095 -3047376.507502367 -3.0146520490105134e+06 -2616374.2017974537 -2108594.54613485   
211 3165 373.1065454906001 3.183109352014204 -3048516.584037388 -3.0485165840373882e+06 -2657641.093691106 -2217769.914537569   
212 3180 379.2376416152946 3.193291423490172 -3048516.584037388 -3.0465540276979520e+06 -2694695.7840078 -1964581.9168109815   
213 3195 384.66292215205357 3.213919513272928 -3048516.584037388 -3.0010246814144235e+06 -2740159.8485330516 -2185738.496073352   
214 3210 385.7826920017359 3.2166828155996154 -3048516.584037388 -3.0365795999064515e+06 -2904054.3209209414 -2119713.485797776   
215 3225 386.98719640144714 3.2209218553776786 -3048516.584037388 -3.0340145566409398e+06 -2649651.4667697498 -1752814.7863645344   
216 3240 383.9591976387768 3.2383878722833246 -3048516.584037388 -3.0380603596269810e+06 -2825180.830448363 -1926177.139221223   
217 3255 382.00420841056564 3.253731957876516 -3057018.434595331 -3.0570184345953311e+06 -2878670.595972885 -2158953.652974754   
218 3270 380.86677207966744 3.27001070773928 -3057018.434595331 -3.0385031711502480e+06 -2660760.2746899216 -2187924.0719561796   
219 3285 377.9698438598365 3.2829625178044326 -3057018.434595331 -3.0127496828154135e+06 -2857692.8109197766 -2017000.634055743   
220 3300 370.6905633404704 3.299530066775122 -3057018.434595331 -3.0480098955189921e+06 -2840627.2634950983 -2103355.4589083767   
221 3315 369.54599953721527 3.31669254066613 -3057018.434595331 -3.0496515863068737e+06 -2655592.758766636 -2230552.1677832725   
222 3330 365.27582152160556 3.328487600926957 -3057018.434595331 -3.0509691296973666e+06 -2687169.07605079 -2161553.6205375697   
223 3345 369.72092615559814 3.3382419114596065 -3057018.434595331 -3.0534067164141997e+06 -2959094.1607835055 -2279911.053589753   
224 3360 372.6711977541833 3.350919061924428 -3057270.726462388 -3.0572707264623879e+06 -2659759.357956105 -2093833.3755684034   
225 3375 379.119256083235 3.369019166498154 -3057270.726462388 -3.0240383913952890e+06 -2782258.3342188513 -2121241.6032055547   
226 3390 385.64160711281454 3.39140716634106 -3057270.726462388 -3.0091980296023865e+06 -2724834.8558489624 -2114405.038255267   
227 3405 389.2534380775987 3.4102518225712335 -3057270.726462388 -2.9986325672586076e+06 -2788091.718709214 -2210102.7022000886   
228 3420 389.1490705236322 3.418565469802673 -3057270.726462388 -3.0532982034664960e+06 -2679643.5384782054 -2023982.6858279817   
229 3435 392.92410973562545 3.4365277824460523 -3057270.726462388 -3.0466940536902044e+06 -2703370.3801946295 -1955622.6810459236   
230 3450 397.3704082219825 3.424237876476849 -3057270.726462388 -3.0106978172369739e+06 -2485611.07134901 -2136491.0270971805   
231 3465 399.146105111757 3.433154791523452 -3057270.726462388 -3.0546436648423718e+06 -2827302.0711217737 -2203322.7907633707   
232 3480 402.12397480800433 3.4383875427985653 -3057270.726462388 -3.0239969439618755e+06 -2668337.619212769 -2095851.685520156   
233 3495 404.2207391605597 3.442810822144209 -3057270.726462388 -3.0429563028121614e+06 -2705478.3102385355 -2158374.5727722095   
234 3510 405.4127638814662 3.450862332920058 -3057270.726462388 -2.9962839989811932e+06 -2648343.083146116 -2456402.164852501   
235 3525 403.24153136166177 3.458530268134803 -3059138.0801666845 -3.0591380801666845e+06 -2890659.3370442074 -2073158.8843836398   
236 3540 403.8279143901417 3.4689295352399068 -3059138.0801666845 -3.0337003409336004e+06 -2816378.772879421 -2076311.05395441   
237 3555 405.701699441167 3.4741568264867277 -3059138.0801666845 -3.0422653409387222e+06 -2727522.511254171 -2072131.3290261156   
238 3570 407.8430439475583 3.478148992710579 -3059138.0801666845 -3.0256736808261392e+06 -2861048.479158982 -2187857.0845323005   
239 3585 410.54846558332054 3.4854483066899773 -3059138.0801666845 -3.0412696814532364e+06 -2705891.522699108 -2167189.899232054   
240 3600 408.9413765296687 3.4915981905920583 -3059138.0801666845 -3.0436612285855273e+06 -2635588.072863342 -2073060.1773153688   
241 3615 406.00540897494005 3.506104451278899 -3059138.0801666845 -3.0206729453575006e+06 -2690206.9925766746 -2166526.067426002   
242 3630 402.8908190409464 3.514683387838998 -3059138.0801666845 -2.9991667802122151e+06 -2641061.106831099 -2232306.213092723   
243 3645 405.01083316858814 3.520699380759962 -3059138.0801666845 -3.0140300306916330e+06 -2740539.433661284 -1780537.5083676605   
244 3660 406.442647194338 3.533707412452272 -3059138.0801666845 -3.0270146169075002e+06 -2836732.183605113 -2068630.201935683   
245 3675 405.9032125545459 3.547201866375876 -3059138.0801666845 -3.0266450751662031e+06 -2943590.1811880334 -2267584.0978080444   
246 3690 406.87141655405014 3.548999861665723 -3059138.0801666845 -3.0197760769008724e+06 -2828952.268992551 -2173098.709410353   
247 3705 408.77760269537316 3.5485218392044438 -3059138.0801666845 -3.0241477239805516e+06 -2740730.084170847 -2178369.778497875   
248 3720 407.85913138130286 3.5613933792636665 -3059138.0801666845 -3.0015778972072382e+06 -2847088.8708507405 -2181721.5137057463   
249 3735 406.91171748544974 3.566539838853544 -3059138.0801666845 -3.0422372404854898e+06 -2891881.7009554114 -2283261.4931036835   
250 3750 407.2776900736057 3.582961250174865 -3059138.0801666845 -3.0295651706801825e+06 -2780283.8943855674 -2049395.927373662   
251 3765 414.03457115336937 3.6066723201027067 -3059138.0801666845 -3.0099104818582833e+06 -2667948.7600180362 -2004254.5918947621   
252 3780 423.38080006504583 3.6169792033440014 -3059138.0801666845 -2.9845823991932776e+06 -2664433.4749269523 -2453630.132567945   
253 3795 425.8272392229251 3.622519369446439 -3059138.0801666845 -3.0327987970894519e+06 -2739512.101355511 -2076088.0423474703   
254 3810 427.12051073781305 3.653656779549734 -3059138.0801666845 -3.0508187009157906e+06 -2782316.9585720096 -2140054.8317480236   
255 3825 430.3949719030327 3.664232009221834 -3059138.0801666845 -3.0509754760090671e+06 -2812240.478620005 -2054754.3163495462   
256 3840 433.41033302416196 3.6542317511407636 -3059138.0801666845 -3.0258119694731724e+06 -2744026.834840953 -2139277.176361311   
257 3855 438.07967694752034 3.6680541221664247 -3059138.0801666845 -3.0465030980142220e+06 -2800835.8368144594 -2071569.8667125837   
258 3870 439.3564621401456 3.687886503913185 -3059138.0801666845 -2.9834339191825241e+06 -2872639.1220315243 -2132410.672168617   
259 3885 438.9036083492405 3.696558208024054 -3059138.0801666845 -3.0216435726220603e+06 -2770761.231395515 -2158599.4373636986   
260 3900 444.371595292214 3.699313221479914 -3059138.0801666845 -3.0319675351642147e+06 -2881469.122109881 -2149535.8518631323   
261 3915 449.2394135222737 3.7100429479740877 -3059138.0801666845 -3.0346712792090555e+06 -2708299.2076944513 -2055313.9367715353   
262 3930 448.52944752582994 3.718298205000536 -3059138.0801666845 -3.0342843076444813e+06 -2725432.6070727766 -1892948.2411369202   
263 3945 449.06916171798963 3.7364258904928285 -3059138.0801666845 -3.0587564835569356e+06 -2993041.8639479787 -2031939.7590201146   
264 3960 449.23358277552956 3.7503877520729536 -3059138.0801666845 -3.0162160446272898e+06 -2824706.9678643174 -2325751.8266375638   
265 3975 447.4769722539632 3.756180806731339 -3059138.0801666845 -3.0319689273267603e+06 -2843127.6805633698 -2149305.462402613   
266 3990 448.5205271993236 3.7643026363663408 -3059138.0801666845 -3.0497448613496092e+06 -2675487.928030457 -2126097.0364574385   
267 4005 448.4639884928608 3.775741602293282 -3059138.0801666845 -2.9876845324277808e+06 -2733901.194427354 -2199957.4578465815   
268 4020 443.3308130421898 3.786300157282059 -3059138.0801666845 -3.0264388547035391e+06 -2889333.839413951 -2516604.5289684404   
269 4035 435.72402699215604 3.7905725580818093 -3065446.4067678764 -3.0654464067678764e+06 -2838119.622075901 -2193900.717258043   
270 4050 430.19822883996005 3.787130466418047 -3065446.4067678764 -3.0606576046655378e+06 -2769288.5388559126 -2209291.9909867104   
271 4065 425.26770629480404 3.796556762960798 -3065446.4067678764 -3.0651337535517276e+06 -2865362.556227779 -2197806.4239616576   
272 4080 415.4607933478215 3.8131817144888878 -3065446.4067678764 -3.0608583126782542e+06 -2972689.129555139 -2740863.214790902   
273 4095 413.0598424381195 3.796627572160674 -3065446.4067678764 -3.0625635556686278e+06 -2829621.0130142537 -2240294.629473618   
274 4110 412.5479404171908 3.801834894741952 -3065446.4067678764 -2.9423530144181307e+06 -2786845.2352568908 -2235444.0808606157   
275 4125 405.14384280926356 3.8259147497317576 -3065446.4067678764 -3.0259782246045819e+06 -2924375.9056128054 -2068804.6496376307   
276 4140 398.6956106660227 3.82952563770382 -3065446.4067678764 -3.0514185923949261e+06 -2699443.9446528447 -1996571.4351096544   
277 4155 391.70700732537085 3.847833450256135 -3074091.6730530434 -3.0740916730530434e+06 -2907310.586742288 -2332350.6872360175   
278 4170 388.7828261396928 3.8586959199963062 -3074091.6730530434 -3.0583121939689685e+06 -2936453.4865551786 -2275627.040033717   
279 4185 387.26549480915355 3.8699644370471957 -3074091.6730530434 -3.0738330148284072e+06 -2907287.6189897005 -2180348.7872159844   
280 4200 385.32790491695806 3.8808021121590044 -3078435.7756724423 -3.0784357756724423e+06 -3005011.560469101 -1988887.4556476057   
281 4215 383.861743094886 3.8895361462438953 -3078435.7756724423 -3.0594884113044515e+06 -2879136.1680554827 -2341021.559391061   
282 4230 380.283214470322 3.8890002164942654 -3078435.7756724423 -3.0412809789122650e+06 -2813136.7457023514 -2201806.601390282   
283 4245 376.28430487960264 3.902613968481973 -3078435.7756724423 -3.0477496724269013e+06 -2751554.9854088253 -2285610.416424997   
284 4260 377.0860520487613 3.9208431275528306 -3078435.7756724423 -3.0766038765433943e+06 -2926890.4932666454 -2098217.524327012   
285 4275 378.23820329243375 3.933387568335975 -3078435.7756724423 -3.0604028109550695e+06 -2808253.7035884364 -2310321.016429976   
286 4290 373.1548671457708 3.930260567245799 -3091567.3037509304 -3.0915673037509304e+06 -2825654.6263169055 -2214624.16268314   
287 4305 365.6890338749509 3.928896466086567 -3091567.3037509304 -3.0637023141546510e+06 -2783561.52006416 -2167221.2753425566   
288 4320 359.8618596620466 3.948540222687836 -3091567.3037509304 -3.0683702775273696e+06 -2957514.755776788 -2374118.647446976   
289 4335 354.0530508440131 3.9649735669602144 -3091567.3037509304 -3.0456158383429553e+06 -2966208.878613345 -2165476.8936593765   
290 4350 354.005664121248 3.977955077146122 -3091567.3037509304 -3.0768412057046117e+06 -2966718.3061849037 -2477377.039224689   
291 4365 357.12172576291954 3.990664541598638 -3091567.3037509304 -3.0879230558821377e+06 -2905681.2321198666 -2238671.679888486   
292 4380 359.5335945303615 4.005048803153241 -3092160.2715956373 -3.0921602715956373e+06 -2989740.796725114 -2185719.278518485   
293 4395 359.7175136126079 4.021013370304931 -3093578.9057400613 -3.0935789057400613e+06 -3025084.0476902765 -2213532.208352766   
294 4410 354.17768365623823 4.036073030630321 -3093578.9057400613 -3.0739200408171341e+06 -2897152.321285597 -2257810.3366370555   
295 4425 347.81702010722967 4.0502801126325325 -3093578.9057400613 -3.0692926277498314e+06 -2766204.325190673 -2196158.6280499725   
296 4440 342.5916223594307 4.063431097966399 -3093578.9057400613 -3.0895713409618461e+06 -2946350.655084892 -2388360.6113538737   
297 4455 337.425563876004 4.0740271799879775 -3093578.9057400613 -3.0819212967002662e+06 -3000252.62324879 -2378925.7276242273   
298 4470 334.9433119877373 4.0955289981429575 -3093578.9057400613 -3.0711184194357255e+06 -2979253.484711409 -2219946.6663783146   
299 4485 338.32978617434196 4.106176229754399 -3093578.9057400613 -3.0901917003696132e+06 -2912506.007407641 -2320996.12691443   
300 4500 340.4983541421859 4.122548882269108 -3093578.9057400613 -3.0873654879145538e+06 -2974980.0655320464 -2303727.9086039974   
301 4515 341.3426051971987 4.1386821670437195 -3093578.9057400613 -3.0671151434768629e+06 -2865201.8100523967 -2358142.8004993247   
302 4530 336.60663925700925 4.152421798173471 -3093578.9057400613 -3.0904213800203078e+06 -2782270.6864789375 -2284549.1672501345   
303 4545 332.6989957594546 4.176964600833327 -3099158.3755639195 -3.0991583755639195e+06 -2802459.563258358 -2281174.578278937   
304 4560 331.09818760202023 4.184283050061254 -3102121.917509953 -3.1021219175099530e+06 -2985468.690356954 -2479745.7191857714   
305 4575 329.5715924748738 4.205376620074281 -3102121.917509953 -3.0841685619964781e+06 -2814306.762818422 -2303970.451985124   
306 4590 331.9395269397182 4.22074864605114 -3102121.917509953 -3.0836637225890858e+06 -3002831.0392341376 -2461468.1181964804   
307 4605 337.72582630173997 4.232248932175276 -3102121.917509953 -3.0847547569207838e+06 -3030528.4344968013 -2241364.1259560506   
308 4620 340.73139829737767 4.246306671973896 -3102121.917509953 -3.1017658365511307e+06 -2993434.853716749 -2337504.0311964313   
309 4635 342.5817219148163 4.257054679822335 -3102121.917509953 -3.0572625903681889e+06 -2730467.287640714 -2225017.5479626115   
310 4650 341.8047446353158 4.289751556010582 -3102121.917509953 -3.0763958391012391e+06 -2768153.738526745 -2195408.2789819078   
311 4665 338.79558828774265 4.333259992922579 -3102121.917509953 -3.0790465510682603e+06 -2728952.3779461016 -2054142.2627661955   
312 4680 338.78700851422656 4.349625642572747 -3102121.917509953 -3.0861844466364742e+06 -2923222.645921923 -2343387.228363184   
313 4695 342.11208837518274 4.367821922577716 -3102121.917509953 -3.0960357929462641e+06 -2946235.7994022397 -2210805.6568229217   
314 4710 344.7563703714149 4.398770939639699 -3102121.917509953 -3.0876862298843125e+06 -2970596.7614462394 -2336027.903692358   
315 4725 345.30457600795773 4.41117698828948 -3102121.917509953 -3.1003033669906822e+06 -3032237.1929428796 -2741026.8159385817   
316 4740 342.2909592680581 4.426607626162808 -3102121.917509953 -3.0906047392208390e+06 -2945585.4479728756 -2240361.8963368246   
317 4755 338.7998391202582 4.448367160470338 -3102121.917509953 -3.0973270849942858e+06 -3032612.6340032425 -2721272.4464628696   
318 4770 334.55200142558357 4.463670721891245 -3104987.6105537284 -3.1049876105537284e+06 -2981754.091096657 -2266249.888693547   
319 4785 331.1157810080646 4.47610105504305 -3104987.6105537284 -3.0750467748873429e+06 -2841363.3984162556 -2252985.2265475886   
320 4800 324.0056820507901 4.489035276088943 -3104987.6105537284 -3.1020212433227696e+06 -3014173.947550474 -2324330.7431889074   
321 4815 319.1245329854468 4.489834882412972 -3104987.6105537284 -3.0975094656881928e+06 -2733430.8748823577 -2344343.35453798   
322 4830 312.2720340246981 4.506723709018047 -3104987.6105537284 -3.0762496656882251e+06 -2717294.287987753 -2247794.6338344375   
323 4845 307.35786671938115 4.531141856283559 -3104987.6105537284 -3.1000947754365639e+06 -3039553.5313098077 -2713380.8544606124   
324 4860 304.1733262442512 4.55229054616883 -3110722.4615438017 -3.1107224615438017e+06 -3016426.507305952 -2391472.303581168   
325 4875 305.62300023073186 4.589305525101224 -3110722.4615438017 -3.1065703028760315e+06 -3012144.169667688 -2248600.688880648   
326 4890 310.90845880406226 4.61571957888252 -3111614.276312228 -3.1116142763122278e+06 -2994349.275525773 -2383588.0586255346   
327 4905 316.3822011807407 4.635183718444482 -3114873.610370443 -3.1148736103704432e+06 -3011457.8809625558 -2376362.460004979   
328 4920 326.81657354688645 4.659197861517937 -3115219.3205935014 -3.1152193205935014e+06 -3052227.2453134125 -2338378.9418728664   
329 4935 335.95537342407977 4.680942332151637 -3115227.067954814 -3.1152270679548141e+06 -2988657.4748481144 -2298653.1265299227   
330 4950 346.97447625211004 4.718178548971521 -3115227.067954814 -3.1116078638540916e+06 -2926996.32825031 -2203329.2196060144   
331 4965 359.9567723142285 4.764267708941071 -3123367.115424351 -3.1233671154243508e+06 -3080817.0681597115 -2274230.870956548   
332 4980 371.08613296462823 4.781697752108754 -3123367.115424351 -3.1091738664976056e+06 -3043890.0890267054 -2198223.3799869237   
333 4995 381.8554206960955 4.814346599858295 -3123367.115424351 -3.0861231702751108e+06 -2921270.4503603457 -2319749.824182713   
334 5010 390.48769646938376 4.855865800967939 -3123367.115424351 -3.1101348723231996e+06 -2969803.33331474 -2177415.3759877263   
335 5025 398.0551016275829 4.898497776024669 -3123367.115424351 -3.0798721386569561e+06 -2946771.445888675 -2184389.833807334   
336 5040 399.1287548323754 4.926183502721482 -3123367.115424351 -3.0450183129444649e+06 -2670249.4619525564 -2206178.351426804   
337 5055 406.4587831708847 4.949414645464068 -3123367.115424351 -3.0649072102467176e+06 -2847181.0078152777 -2280910.1888328986   
338 5070 415.7644997622176 4.980274210351576 -3123367.115424351 -3.0799275234581931e+06 -2878277.0975525565 -2367521.3657425563   
339 5085 425.83427975521147 5.007767829737627 -3123367.115424351 -3.0773842784845508e+06 -2961652.5477196923 -2320721.176366354   
340 5100 428.1725432055775 5.0342641400728345 -3123367.115424351 -3.0608002437083982e+06 -2940446.789245842 -2209891.0729110376   
341 5115 425.52993197668104 5.0650110383697 -3123367.115424351 -3.1070493571194550e+06 -3002095.3661440304 -2397252.138101646   
342 5130 418.1186484111637 5.086946771899488 -3123367.115424351 -3.1120466195399705e+06 -2709572.324983131 -2197406.3298348244   
343 5145 417.802701724117 5.114897522393186 -3123367.115424351 -3.1159073537794566e+06 -3020844.4293283173 -2207725.645713424   
344 5160 419.4950133684079 5.147675624585932 -3123367.115424351 -3.1154188985027461e+06 -2932258.1782628675 -2292960.208188768   
345 5175 423.19346464343397 5.187838878120614 -3123367.115424351 -3.1183809852551501e+06 -3033299.7143995557 -2340344.383144604   
346 5190 419.51969037422356 5.2129889770915 -3123367.115424351 -3.1217382690265626e+06 -2903850.4626479284 -2238800.341179643   
347 5205 423.8259661633675 5.2411247381936885 -3123367.115424351 -3.1037328106137910e+06 -2929644.250350629 -2265447.9204538516   
348 5220 422.2956527483317 5.276622900911965 -3123367.115424351 -3.1017327726940410e+06 -2964628.685893052 -2294997.538716329   
349 5235 417.20429141676067 5.30622210847169 -3123367.115424351 -3.1137011336101270e+06 -2864963.7279213327 -2241069.5769306878   
350 5250 418.7701192121478 5.339846165051014 -3123367.115424351 -3.1170288956930749e+06 -2788336.6311180117 -2297283.2458980903   
351 5265 424.85440932004514 5.388396544487427 -3123367.115424351 -3.1107419519625166e+06 -2974373.196170352 -2229958.998284777   
352 5280 425.89550238530927 5.4353427669277945 -3123367.115424351 -3.1202896913162996e+06 -3046578.098396885 -2123748.382649005   
353 5295 427.01692219677864 5.479500697718261 -3123367.115424351 -3.1030884320711549e+06 -2806189.2886754475 -2153469.5346791865   
354 5310 430.0269563441522 5.517309211777914 -3123367.115424351 -3.1078584601407265e+06 -2905704.1491928166 -2310476.6159527176   
355 5325 422.09559309856604 5.555440161273869 -3123367.115424351 -3.1114439304203237e+06 -2662451.430753162 -2216671.7472109995   
356 5340 414.5544846268779 5.606816852546792 -3123367.115424351 -3.1197229746072358e+06 -2854835.5059705055 -2370712.2573487107   
357 5355 404.5232644668779 5.631767698047239 -3123367.115424351 -3.0773328958580312e+06 -2788901.3788138824 -2151031.1667762264   
358 5370 401.4234967062652 5.650639990008197 -3123367.115424351 -3.1158418243654403e+06 -2983545.6882023234 -2442365.242740731   
359 5385 397.68270786151834 5.670326674954663 -3123367.115424351 -3.1195772613597624e+06 -2980802.311996173 -2435308.1286110836   
360 5400 396.92643341869183 5.677413578341025 -3123367.115424351 -3.1091577969565871e+06 -3044773.219468751 -2379710.3448602865   
361 5415 397.90664299243025 5.682119593009322 -3123401.446831929 -3.1234014468319290e+06 -2992115.1305826744 -2444418.582790625   
362 5430 397.92462042990127 5.70148698043508 -3123401.446831929 -3.1209930385181950e+06 -2939074.982737545 -2382290.054793853   
363 5445 395.3088097791126 5.7105414651952335 -3123401.446831929 -3.1204724493594593e+06 -2961702.064571514 -2240432.0058773053   
364 5460 392.0181717690603 5.767734371370868 -3123401.446831929 -3.1038612752213846e+06 -2994188.76111744 -2396993.1760112275   
365 5475 392.1180823158358 5.763572422499274 -3123401.446831929 -3.0800323016611245e+06 -2799594.3233973305 -2455796.241504138   
366 5490 390.57536268126034 5.778795540316579 -3123401.446831929 -3.1209652763704937e+06 -2779465.4744254295 -2265297.911378771   
367 5505 391.29265252452063 5.812502295300638 -3123401.446831929 -3.0817719489303343e+06 -2814545.2895480283 -2402927.937414723   
368 5520 392.37432325937516 5.8378141496230915 -3123401.446831929 -3.1181384666101537e+06 -3025871.315816487 -2478382.9995248886   
369 5535 388.7864057748774 5.834413153234576 -3123401.446831929 -3.0441335080066849e+06 -2869605.9578671167 -2357089.5270816176   
370 5550 382.1380093289888 5.835962177656507 -3123401.446831929 -3.1078793419569759e+06 -2765411.990863524 -2281175.3071284695   
371 5565 380.5310722156001 5.860822468156093 -3123401.446831929 -3.1131483172928761e+06 -2809014.005728357 -2219840.2926078094   
372 5580 381.7856793348512 5.886640052846303 -3123401.446831929 -3.0994405373692829e+06 -2795130.681660301 -2309972.748739975   
373 5595 384.3645030360785 5.916927904917379 -3123401.446831929 -3.1121630874516261e+06 -2945508.1751264776 -2132711.222388554   
374 5610 385.05796542238863 5.9457944440987625 -3123401.446831929 -3.1219145145072495e+06 -2953803.785852694 -2269389.3599797133   
375 5625 384.0216518968786 5.965036796228033 -3123401.446831929 -3.1170370511038373e+06 -2908175.335528923 -2474853.5192327234   
376 5640 386.71018869790726 5.9892392564373145 -3123401.446831929 -3.1091730174038000e+06 -2959217.920816109 -2194945.8641010122   
377 5655 384.33548186246844 6.017750196015538 -3123401.446831929 -3.1130100827480056e+06 -2979685.159759896 -2373868.5362673895   
378 5670 389.7266928614967 6.031771649144261 -3123401.446831929 -3.1187554058189397e+06 -3013201.082719674 -2559402.740956235   
379 5685 389.3156447980681 6.046793509429253 -3123401.446831929 -3.0972226636865423e+06 -2994423.496972348 -2213646.003588685   
